0; 0; 0
0; 1; 1901.1146583051689
0; 2; 1565.2612564477572
0; 3; 1714.358389060831
0; 4; 1814.2331620154528
0; 5; 1031.5364716267334
0; 6; 1510.3845453586434
0; 7; 1108.1138110126985
0; 8; 1759.2685461604294
0; 9; 1616.8760404536838
0; 10; 1188.6629626215697
0; 11; 1441.6901906126523
0; 12; 1438.668578873569
0; 13; 1339.2694139827786
0; 14; 1405.5626579031823
0; 15; 1531.6737894317557
0; 16; 1831.7810276097991
0; 17; 1259.7468956980974
0; 18; 1242.1926947364461
0; 19; 1435.2321051240597
0; 20; 1627.6866571671721
0; 21; 1170.101961938822
0; 22; 1641.339669175496
0; 23; 1817.3583513521571
0; 24; 1781.1163222756613
0; 25; 1123.5834304362588
0; 26; 1618.3051721399543
0; 27; 1462.3529048403143
0; 28; 1853.158837834305
0; 29; 1697.3033858805902
0; 30; 1742.8152712678252
0; 31; 1395.4711780640914
0; 32; 1284.2481433333396
0; 33; 1805.4227692734166
0; 34; 1768.9663031511861
0; 35; 1507.5347400000317
0; 36; 1237.8356099949513
0; 37; 1649.9242090461132
0; 38; 1567.9499317872387
0; 39; 1381.3358125359412
0; 40; 1259.9515388681857
0; 41; 1844.610453465069
0; 42; 1388.0568302976023
0; 43; 957.2455277641964
0; 44; 1521.7364904568335
0; 45; 1020.9600226700342
0; 46; 1684.9850833322494
0; 47; 1896.8061333381727
0; 48; 1428.804179535388
0; 49; 1164.7570113874106
0; 50; 1698.7255269385569
0; 51; 1532.494695942934
0; 52; 1274.1385816791706
0; 53; 1706.5718929770696
0; 54; 1469.5041362810348
1; 0; 1901.1146583051689
1; 1; 0
1; 2; 1277.9015610269062
1; 3; 2525.064059886922
1; 4; 995.7903474259886
1; 5; 1864.7279189355559
1; 6; 2176.700188943479
1; 7; 2010.3081444684585
1; 8; 1184.7302529006697
1; 9; 1195.5907703272096
1; 10; 1615.559652689406
1; 11; 2013.1415548633058
1; 12; 1853.7850350727313
1; 13; 1488.3447715605803
1; 14; 2187.7768366802643
1; 15; 2310.567395411713
1; 16; 2452.1801148848017
1; 17; 2020.4025423990997
1; 18; 1559.715454164988
1; 19; 2149.957442716153
1; 20; 1195.6575631449246
1; 21; 1631.0137666396781
1; 22; 2436.363745996169
1; 23; 1146.557694770107
1; 24; 1061.029676339002
1; 25; 1823.1816455623289
1; 26; 1262.394971138812
1; 27; 1661.025071452221
1; 28; 2690.065131886664
1; 29; 1105.932454682804
1; 30; 1197.7709982390038
1; 31; 1684.7122157880383
1; 32; 1970.8776601815182
1; 33; 2668.207489402016
1; 34; 1063.0273636142995
1; 35; 1472.5661968615932
1; 36; 1681.3924876130923
1; 37; 2305.4270986078527
1; 38; 1443.3390502085254
1; 39; 2323.2250501975104
1; 40; 1798.824340529562
1; 41; 2446.4776106660165
1; 42; 1420.6873900230216
1; 43; 1857.8158617024578
1; 44; 1868.156336245078
1; 45; 1798.5499707863642
1; 46; 2473.810159405185
1; 47; 2570.6641409940476
1; 48; 1574.6106270585055
1; 49; 1858.8081689080136
1; 50; 1209.185335885329
1; 51; 1302.4589848946284
1; 52; 2250.302040130874
1; 53; 2503.761065516962
1; 54; 1445.1907542999866
2; 0; 1565.2612564477572
2; 1; 1277.9015610269062
2; 2; 0
2; 3; 2279.306273331111
2; 4; 1183.9341491764842
2; 5; 1558.6596384031438
2; 6; 2050.884560593367
2; 7; 1709.6428875293668
2; 8; 1306.4691214090276
2; 9; 1028.0075933915186
2; 10; 1405.0883521767203
2; 11; 1810.4127915077722
2; 12; 1767.0262708701266
2; 13; 1257.959993444154
2; 14; 1936.4380786619645
2; 15; 2067.39899287806
2; 16; 2354.7941163701944
2; 17; 1857.2842815303807
2; 18; 1355.441355467874
2; 19; 1916.8721977951002
2; 20; 1157.8245763369425
2; 21; 1366.6105432595482
2; 22; 2193.165083349536
2; 23; 1157.6213388057265
2; 24; 1125.935919250422
2; 25; 1643.7373582445205
2; 26; 1025.2123839270591
2; 27; 1596.9814044169705
2; 28; 2477.6160057988345
2; 29; 1081.309218928021
2; 30; 1302.5012812453442
2; 31; 1505.4624706257364
2; 32; 1821.707075618864
2; 33; 2406.456276393258
2; 34; 1229.0782023310335
2; 35; 1442.711162189672
2; 36; 1540.8950026636555
2; 37; 2102.2825231847537
2; 38; 1403.9339686079122
2; 39; 2022.710545060221
2; 40; 1563.261442101817
2; 41; 2356.4234388585346
2; 42; 1082.4297919367204
2; 43; 1530.8911121651333
2; 44; 1765.2564045292952
2; 45; 1540.369040479491
2; 46; 2315.266682526037
2; 47; 2417.004561338499
2; 48; 1508.9528214777274
2; 49; 1590.2721349890771
2; 50; 1035.9336856392513
2; 51; 1194.7510638347203
2; 52; 1932.8397725854256
2; 53; 2342.6209688850486
2; 54; 1201.7127260929483
3; 0; 1714.358389060831
3; 1; 2525.064059886922
3; 2; 2279.306273331111
3; 3; 0
3; 4; 2449.577903936236
3; 5; 1648.5628371890634
3; 6; 1320.5665552938021
3; 7; 1510.109887560645
3; 8; 2315.4564751023936
3; 9; 2305.337651494687
3; 10; 1948.376632704701
3; 11; 1429.2326093013262
3; 12; 1637.5022853244054
3; 13; 2100.3161155538146
3; 14; 1242.91448401359
3; 15; 1114.6001595857301
3; 16; 1112.7258130353243
3; 17; 1483.9927150888338
3; 18; 1978.4583906564044
3; 19; 1275.839775537061
3; 20; 2230.506682514885
3; 21; 1904.9343782374303
3; 22; 988.9166695057044
3; 23; 2535.269270487557
3; 24; 2459.9468041329887
3; 25; 1756.1408153230363
3; 26; 2355.941235226737
3; 27; 1831.807776689554
3; 28; 1199.346652867659
3; 29; 2345.769894887727
3; 30; 2267.400258848836
3; 31; 1748.8628885294288
3; 32; 1557.3513387060289
3; 33; 1067.3629787879304
3; 34; 2363.7317362516487
3; 35; 1959.1361596272156
3; 36; 1766.4591330795547
3; 37; 1193.7828080715644
3; 38; 2007.0310186741021
3; 39; 1291.4996241862057
3; 40; 1627.9294774007276
3; 41; 1117.3646302031204
3; 42; 2101.3498110739583
3; 43; 1712.6050803090252
3; 44; 1603.8292919662495
3; 45; 1751.3616977827705
3; 46; 1245.5301614519565
3; 47; 1116.8298746646183
3; 48; 1852.0034772465401
3; 49; 1589.3165076504438
3; 50; 2412.7153922979155
3; 51; 2124.8962045238827
3; 52; 1421.0226628558225
3; 53; 1233.709674355737
3; 54; 2228.3462918564865
4; 0; 1814.2331620154528
4; 1; 995.7903474259886
4; 2; 1183.9341491764842
4; 3; 2449.577903936236
4; 4; 0
4; 5; 1781.145491756632
4; 6; 2227.75149096801
4; 7; 1927.7395959990138
4; 8; 1247.3576088450545
4; 9; 1232.548891704128
4; 10; 1655.7616564603495
4; 11; 1940.9823167600177
4; 12; 1907.8369864385309
4; 13; 1525.8185379088438
4; 14; 2111.0461465374865
4; 15; 2234.9896707822877
4; 16; 2506.8405119060144
4; 17; 2067.077463832199
4; 18; 1600.352601982551
4; 19; 2075.0770234212814
4; 20; 1183.0899048731949
4; 21; 1608.2436624906827
4; 22; 2361.016474733009
4; 23; 1180.8674176207533
4; 24; 1093.381617595136
4; 25; 1867.4173829319475
4; 26; 1295.3850086451357
4; 27; 1716.1220183245691
4; 28; 2675.3765578548005
4; 29; 1016.9911739006639
4; 30; 1203.745514843029
4; 31; 1613.0128714835205
4; 32; 2018.8654788098056
4; 33; 2591.1332839926217
4; 34; 1122.4259821712594
4; 35; 1529.299628701624
4; 36; 1729.2197452145351
4; 37; 2234.0958876312316
4; 38; 1440.5483093667028
4; 39; 2241.266770502575
4; 40; 1722.2970891346463
4; 41; 2501.9684431422074
4; 42; 1331.2880738909437
4; 43; 1771.8817322221353
4; 44; 1863.1545971116866
4; 45; 1777.0772036490293
4; 46; 2521.7170392450307
4; 47; 2562.3416950149376
4; 48; 1629.0484373191512
4; 49; 1779.1952168040903
4; 50; 1113.58854619022
4; 51; 1289.000100129782
4; 52; 2166.2322819830006
4; 53; 2551.4392939213385
4; 54; 1480.7644124066942
5; 0; 1031.5364716267334
5; 1; 1864.7279189355559
5; 2; 1558.6596384031438
5; 3; 1648.5628371890634
5; 4; 1781.145491756632
5; 5; 0
5; 6; 1427.3306216549718
5; 7; 1051.0425849684368
5; 8; 1697.5984277620598
5; 9; 1597.98943015054
5; 10; 1200.3307228077501
5; 11; 1316.7955999872256
5; 12; 1307.6507975218824
5; 13; 1355.0261929852054
5; 14; 1318.2223610050253
5; 15; 1450.2198585767906
5; 16; 1749.9697624815506
5; 17; 1201.2785077225694
5; 18; 1236.2325341288079
5; 19; 1332.348976864504
5; 20; 1577.604368570433
5; 21; 1161.0302252012152
5; 22; 1568.742913830452
5; 23; 1815.8819781348705
5; 24; 1762.050167318992
5; 25; 1007.5983404634987
5; 26; 1623.8727110264877
5; 27; 1341.9421354191575
5; 28; 1821.7144902016666
5; 29; 1666.1472505096476
5; 30; 1674.4393492891568
5; 31; 1275.241448977617
5; 32; 1187.0274134674905
5; 33; 1758.7502051923643
5; 34; 1720.0150488924735
5; 35; 1408.1686883383777
5; 36; 1123.5406447917262
5; 37; 1546.2224815381583
5; 38; 1472.0852908689728
5; 39; 1364.560470640263
5; 40; 1130.1671113936882
5; 41; 1759.8492405833292
5; 42; 1376.2344286494001
5; 43; 987.0720761544079
5; 44; 1390.2600986090179
5; 45; 1008.5649180254426
5; 46; 1657.326679895489
5; 47; 1816.001738574682
5; 48; 1317.0127572299073
5; 49; 1033.501947708663
5; 50; 1694.5869756775344
5; 51; 1474.816895959263
5; 52; 1285.9235578797434
5; 53; 1684.1430421618788
5; 54; 1485.3317138355105
6; 0; 1510.3845453586434
6; 1; 2176.700188943479
6; 2; 2050.884560593367
6; 3; 1320.5665552938021
6; 4; 2227.75149096801
6; 5; 1427.3306216549718
6; 6; 0
6; 7; 1302.3801718942204
6; 8; 1908.4395256372095
6; 9; 1949.647679638105
6; 10; 1596.7110003250916
6; 11; 1261.2429602053314
6; 12; 1239.0465614785821
6; 13; 1746.3010635217984
6; 14; 1018.7597204045417
6; 15; 1114.9372958454824
6; 16; 1223.240004035093
6; 17; 1155.153522469938
6; 18; 1623.9882900999046
6; 19; 1098.6179762531838
6; 20; 1945.2064837704454
6; 21; 1615.1472685928825
6; 22; 1235.9983980406967
6; 23; 2179.0861323278277
6; 24; 2105.6326286844615
6; 25; 1342.7453557159645
6; 26; 1999.436579537125
6; 27; 1429.5183684706956
6; 28; 1484.2724651271662
6; 29; 2121.6261775442727
6; 30; 1993.5627338399381
6; 31; 1542.779410497344
6; 32; 1140.7696984300853
6; 33; 1455.5103609874495
6; 34; 2016.9955324746293
6; 35; 1619.8640597053306
6; 36; 1410.192632233701
6; 37; 1255.8936509785608
6; 38; 1738.2019936026695
6; 39; 1254.9388734915674
6; 40; 1405.9695159670628
6; 41; 1298.719528662571
6; 42; 1872.7889627707566
6; 43; 1498.8587318964628
6; 44; 1378.0026608129497
6; 45; 1469.1957186599084
6; 46; 1232.940012446254
6; 47; 1417.1562245766188
6; 48; 1509.8629032852723
6; 49; 1360.760554412537
6; 50; 2184.551973102972
6; 51; 1838.779509218893
6; 52; 1328.7583438474712
6; 53; 1326.9431685481657
6; 54; 1809.344486527036
7; 0; 1108.1138110126985
7; 1; 2010.3081444684585
7; 2; 1709.6428875293668
7; 3; 1510.109887560645
7; 4; 1927.7395959990138
7; 5; 1051.0425849684368
7; 6; 1302.3801718942204
7; 7; 0
7; 8; 1834.0463204528028
7; 9; 1748.1172470902602
7; 10; 1347.4283758862855
7; 11; 1277.1315323786405
7; 12; 1316.140550167609
7; 13; 1503.6904975728587
7; 14; 1198.221979658454
7; 15; 1323.574248495075
7; 16; 1623.7724106644944
7; 17; 1054.4038056262948
7; 18; 1386.6156355037274
7; 19; 1234.9957685178838
7; 20; 1719.9332353455798
7; 21; 1311.2058800289622
7; 22; 1434.7110898188835
7; 23; 1966.9110892032372
7; 24; 1911.762228882798
7; 25; 1158.1297680050716
7; 26; 1774.6807367343667
7; 27; 1424.519856695692
7; 28; 1671.4024270685206
7; 29; 1813.6566441949037
7; 30; 1806.5695582010046
7; 31; 1356.19327660799
7; 32; 1095.314061167566
7; 33; 1611.7800443058163
7; 34; 1861.9246714226815
7; 35; 1520.058141289277
7; 36; 1239.7910266697795
7; 37; 1447.6426129720999
7; 38; 1584.8133623983113
7; 39; 1214.4679939314924
7; 40; 1190.5246382559626
7; 41; 1636.4980690044276
7; 42; 1527.2131018071177
7; 43; 1102.7250055035918
7; 44; 1397.7884381905212
7; 45; 1144.4735409695368
7; 46; 1506.403731175542
7; 47; 1688.9674934903626
7; 48; 1416.3538919870728
7; 49; 1083.594650354828
7; 50; 1845.5752221863427
7; 51; 1615.113000826156
7; 52; 1148.8490913068617
7; 53; 1533.1006509858562
7; 54; 1634.6080711900208
8; 0; 1759.2685461604294
8; 1; 1184.7302529006697
8; 2; 1306.4691214090276
8; 3; 2315.4564751023936
8; 4; 1247.3576088450545
8; 5; 1697.5984277620598
8; 6; 1908.4395256372095
8; 7; 1834.0463204528028
8; 8; 0
8; 9; 1183.246785048835
8; 10; 1490.9287765245122
8; 11; 1797.0893455987296
8; 12; 1578.0482559774343
8; 13; 1405.5271981836836
8; 14; 1982.8664747427563
8; 15; 2101.6862973249836
8; 16; 2173.600908934616
8; 17; 1836.1106943377654
8; 18; 1433.9146295756486
8; 19; 1939.6187135022074
8; 20; 1056.1522432522615
8; 21; 1497.055342132332
8; 22; 2226.5521429443247
8; 23; 1324.1112531876975
8; 24; 1204.6794907916105
8; 25; 1593.537566166507
8; 26; 1303.3158195897215
8; 27; 1383.8458658209124
8; 28; 2490.481226274247
8; 29; 1190.1257301648607
8; 30; 1026.5922340129637
8; 31; 1468.9227057971545
8; 32; 1716.6545550552428
8; 33; 2463.0419528742564
8; 34; 1025.8731598698091
8; 35; 1256.9821869221914
8; 36; 1495.8940588317282
8; 37; 2087.657461751365
8; 38; 1222.649460904463
8; 39; 2140.4229786515853
8; 40; 1595.82227363109
8; 41; 2230.3392520440457
8; 42; 1340.1974556374664
8; 43; 1708.8556419015276
8; 44; 1648.2405378703613
8; 45; 1646.5208913123006
8; 46; 2216.7515349005175
8; 47; 2354.1393996971806
8; 48; 1363.6771651085658
8; 49; 1668.3725688066274
8; 50; 1347.5674187809093
8; 51; 1126.9367143945497
8; 52; 2080.8981098828426
8; 53; 2311.502782527983
8; 54; 1336.1951000619997
9; 0; 1616.8760404536838
9; 1; 1195.5907703272096
9; 2; 1028.0075933915186
9; 3; 2305.337651494687
9; 4; 1232.548891704128
9; 5; 1597.98943015054
9; 6; 1949.647679638105
9; 7; 1748.1172470902602
9; 8; 1183.246785048835
9; 9; 0
9; 10; 1328.50859695717
9; 11; 1826.3360854296757
9; 12; 1656.0936301734287
9; 13; 1193.328739252648
9; 14; 1962.5519224714308
9; 15; 2092.2222665442087
9; 16; 2248.591492979169
9; 17; 1765.1761810939709
9; 18; 1275.07880869919
9; 19; 1938.9652191201985
9; 20; 1095.772083114063
9; 21; 1348.8865570674184
9; 22; 2218.4038555836632
9; 23; 1131.8889007200712
9; 24; 1064.8268070065064
9; 25; 1555.473430390919
9; 26; 1021.815086406484
9; 27; 1480.595904492
9; 28; 2447.3794720889673
9; 29; 1118.3504573646885
9; 30; 1244.5475131065427
9; 31; 1515.287219478485
9; 32; 1725.1859221515147
9; 33; 2436.4449028594286
9; 34; 1116.913153406161
9; 35; 1320.2123535939877
9; 36; 1439.8264706056116
9; 37; 2119.581528783787
9; 38; 1341.2052257228374
9; 39; 2062.4271253431416
9; 40; 1583.390742771941
9; 41; 2248.927296582816
9; 42; 1129.1761573084223
9; 43; 1578.2186660722004
9; 44; 1711.4007549050534
9; 45; 1521.5131102565435
9; 46; 2223.3047648711363
9; 47; 2373.663732776072
9; 48; 1392.0696879978636
9; 49; 1618.412268439349
9; 50; 1137.6908654561742
9; 51; 1132.499346606821
9; 52; 1978.134415830728
9; 53; 2251.5439962581668
9; 54; 1151.5264292578756
10; 0; 1188.6629626215697
10; 1; 1615.559652689406
10; 2; 1405.0883521767203
10; 3; 1948.376632704701
10; 4; 1655.7616564603495
10; 5; 1200.3307228077501
10; 6; 1596.7110003250916
10; 7; 1347.4283758862855
10; 8; 1490.9287765245122
10; 9; 1328.50859695717
10; 10; 0
10; 11; 1565.8634726554
10; 12; 1402.0159199686732
10; 13; 1056.7787058606932
10; 14; 1614.192531232175
10; 15; 1747.1273921390086
10; 16; 1917.4997168297723
10; 17; 1372.2873600080702
10; 18; 957.3148785301915
10; 19; 1618.3027180774498
10; 20; 1415.476015666983
10; 21; 968.7251531100997
10; 22; 1867.570362057504
10; 23; 1530.6969798638386
10; 24; 1492.5319800231414
10; 25; 1156.7339735510584
10; 26; 1333.222060920132
10; 27; 1328.6120484135397
10; 28; 2054.195186956911
10; 29; 1538.7763240947527
10; 30; 1543.8912887937015
10; 31; 1384.8441835472613
10; 32; 1356.09066043688
10; 33; 2058.4670121032154
10; 34; 1490.317746510541
10; 35; 1306.1851302990951
10; 36; 1139.704315056602
10; 37; 1827.2278814852525
10; 38; 1415.754898510172
10; 39; 1653.3199695617227
10; 40; 1320.5050041192917
10; 41; 1925.7909608937555
10; 42; 1227.4975575613098
10; 43; 1155.1719758336333
10; 44; 1525.0759249916691
10; 45; 1104.356484768923
10; 46; 1823.878571662658
10; 47; 2047.3836541886087
10; 48; 1268.0465843702204
10; 49; 1283.3815548199302
10; 50; 1539.3028301092713
10; 51; 1329.2190079170905
10; 52; 1556.991545799338
10; 53; 1848.9383062229563
10; 54; 1188.1524978080834
11; 0; 1441.6901906126523
11; 1; 2013.1415548633058
11; 2; 1810.4127915077722
11; 3; 1429.2326093013262
11; 4; 1940.9823167600177
11; 5; 1316.7955999872256
11; 6; 1261.2429602053314
11; 7; 1277.1315323786405
11; 8; 1797.0893455987296
11; 9; 1826.3360854296757
11; 10; 1565.8634726554
11; 11; 0
11; 12; 1136.5483475226492
11; 13; 1688.6971456929996
11; 14; 1143.3558186141092
11; 15; 1224.6512138895719
11; 16; 1468.9870364080002
11; 17; 1310.5206285562467
11; 18; 1571.3282448907678
11; 19; 1068.1760176683874
11; 20; 1723.682592852889
11; 21; 1507.7053516407884
11; 22; 1341.381732061648
11; 23; 2057.7919671239724
11; 24; 1967.9433467354538
11; 25; 1420.827782110845
11; 26; 1900.2608721213578
11; 27; 1317.2340566214943
11; 28; 1698.0275634666514
11; 29; 1845.0810217516
11; 30; 1743.6335537214661
11; 31; 1228.5058600391021
11; 32; 1273.994432593731
11; 33; 1588.274944803361
11; 34; 1850.2109404010762
11; 35; 1440.7469488048418
11; 36; 1330.3694531595852
11; 37; 1194.441686727758
11; 38; 1481.6798521556057
11; 39; 1405.376381274042
11; 40; 1155.300665347018
11; 41; 1461.4082123755554
11; 42; 1648.1221057614844
11; 43; 1403.8416017260572
11; 44; 1081.9064431947463
11; 45; 1421.5018033987853
11; 46; 1592.7104317647195
11; 47; 1521.5225865613352
11; 48; 1341.2590689632134
11; 49; 1190.489475556194
11; 50; 1935.9331088031577
11; 51; 1622.2466923854572
11; 52; 1437.8856132488804
11; 53; 1621.7545323114157
11; 54; 1802.533541918644
12; 0; 1438.668578873569
12; 1; 1853.7850350727313
12; 2; 1767.0262708701266
12; 3; 1637.5022853244054
12; 4; 1907.8369864385309
12; 5; 1307.6507975218824
12; 6; 1239.0465614785821
12; 7; 1316.140550167609
12; 8; 1578.0482559774343
12; 9; 1656.0936301734287
12; 10; 1402.0159199686732
12; 11; 1136.5483475226492
12; 12; 0
12; 13; 1518.4584357246226
12; 14; 1312.5112904470784
12; 15; 1424.287239138379
12; 16; 1499.2166482493672
12; 17; 1256.8375571367699
12; 18; 1403.0238094348329
12; 19; 1261.703523692594
12; 20; 1625.1328266915598
12; 21; 1405.6944904084917
12; 22; 1548.5863656824818
12; 23; 1887.863870235111
12; 24; 1800.7350129539861
12; 25; 1217.3295132372452
12; 26; 1727.9928948963588
12; 27; 1094.3065505567483
12; 28; 1822.802905002373
12; 29; 1808.3895850595559
12; 30; 1658.5831592165803
12; 31; 1204.7026100477135
12; 32; 1133.179091773773
12; 33; 1787.931883485438
12; 34; 1691.597068162806
12; 35; 1285.6644013665693
12; 36; 1163.0335192243388
12; 37; 1427.51750785786
12; 38; 1400.266019005537
12; 39; 1530.518766715851
12; 40; 1112.2147725666423
12; 41; 1559.9868050964337
12; 42; 1603.5998046873583
12; 43; 1392.8859519795028
12; 44; 1113.0864685180527
12; 45; 1341.1130560435136
12; 46; 1566.3045021833252
12; 47; 1684.7166891649463
12; 48; 1179.229579507241
12; 49; 1174.1709148761527
12; 50; 1893.7834061495832
12; 51; 1521.4994466095422
12; 52; 1528.3201113897612
12; 53; 1661.3183752773712
12; 54; 1566.6619944207416
13; 0; 1339.2694139827786
13; 1; 1488.3447715605803
13; 2; 1257.959993444154
13; 3; 2100.3161155538146
13; 4; 1525.8185379088438
13; 5; 1355.0261929852054
13; 6; 1746.3010635217984
13; 7; 1503.6904975728587
13; 8; 1405.5271981836836
13; 9; 1193.328739252648
13; 10; 1056.7787058606932
13; 11; 1688.6971456929996
13; 12; 1518.4584357246226
13; 13; 0
13; 14; 1762.6439408960368
13; 15; 1895.820188172073
13; 16; 2064.251198723261
13; 17; 1527.9865796865788
13; 18; 1022.5685496344605
13; 19; 1759.910430107207
13; 20; 1318.659763992801
13; 21; 1095.3844002547128
13; 22; 2018.068799335752
13; 23; 1378.5089711780374
13; 24; 1352.0504270495765
13; 25; 1311.4875296973264
13; 26; 1179.0470493885805
13; 27; 1401.0588013649156
13; 28; 2210.804449073319
13; 29; 1410.4819394867495
13; 30; 1465.0376830782764
13; 31; 1450.8857282773222
13; 32; 1506.9730758915325
13; 33; 2213.7756159318324
13; 34; 1383.3442313444016
13; 35; 1322.436067703954
13; 36; 1259.3417080456952
13; 37; 1963.5775360363396
13; 38; 1407.125602256333
13; 39; 1809.965723065177
13; 40; 1434.2549882486949
13; 41; 2070.962547092674
13; 42; 1098.7437682516957
13; 43; 1311.0862855672472
13; 44; 1622.6244687621265
13; 45; 1261.1350912880305
13; 46; 1980.630446396254
13; 47; 2193.66385043371
13; 48; 1325.4986319834593
13; 49; 1421.8455249448834
13; 50; 1388.7703302667535
13; 51; 1258.0998802405054
13; 52; 1711.6284183368348
13; 53; 2005.7109465446952
13; 54; 1031.4268448785433
14; 0; 1405.5626579031823
14; 1; 2187.7768366802643
14; 2; 1936.4380786619645
14; 3; 1242.91448401359
14; 4; 2111.0461465374865
14; 5; 1318.2223610050253
14; 6; 1018.7597204045417
14; 7; 1198.221979658454
14; 8; 1982.8664747427563
14; 9; 1962.5519224714308
14; 10; 1614.192531232175
14; 11; 1143.3558186141092
14; 12; 1312.5112904470784
14; 13; 1762.6439408960368
14; 14; 0
14; 15; 1033.1770591810084
14; 16; 1331.7876985324629
14; 17; 1182.2687240838811
14; 18; 1640.185897861109
14; 19; 983.7219684500943
14; 20; 1892.369039817968
14; 21; 1567.7340038503858
14; 22; 1157.089738845325
14; 23; 2192.356674373148
14; 24; 2117.942164695368
14; 25; 1425.5377899978268
14; 26; 2013.7777378518801
14; 27; 1503.3655063958017
14; 28; 1474.5678651765852
14; 29; 2005.341763263583
14; 30; 1939.6023439696269
14; 31; 1424.4137141815108
14; 32; 1223.2073060174816
14; 33; 1380.5840876911448
14; 34; 2027.8303276664835
14; 35; 1629.8750268440544
14; 36; 1423.5600821748317
14; 37; 1158.2799660612686
14; 38; 1683.893403834556
14; 39; 1175.2316441545474
14; 40; 1288.9548534877404
14; 41; 1341.8950867721458
14; 42; 1758.93044858429
14; 43; 1391.768709325016
14; 44; 1323.7713060249125
14; 45; 1424.851188074156
14; 46; 1351.5347812940827
14; 47; 1397.8179668928842
14; 48; 1520.0275383882206
14; 49; 1246.8076070996394
14; 50; 2069.804126242026
14; 51; 1786.0480880033258
14; 52; 1242.1473887199454
14; 53; 1381.6145217500155
14; 54; 1889.1139694466842
15; 0; 1531.6737894317557
15; 1; 2310.567395411713
15; 2; 2067.39899287806
15; 3; 1114.6001595857301
15; 4; 2234.9896707822877
15; 5; 1450.2198585767906
15; 6; 1114.9372958454824
15; 7; 1323.574248495075
15; 8; 2101.6862973249836
15; 9; 2092.2222665442087
15; 10; 1747.1273921390086
15; 11; 1224.6512138895719
15; 12; 1424.287239138379
15; 13; 1895.820188172073
15; 14; 1033.1770591810084
15; 15; 0
15; 16; 1200.5242551037786
15; 17; 1301.699285799672
15; 18; 1773.3564047124682
15; 19; 1062.9642762834894
15; 20; 2015.9248635036333
15; 21; 1700.900744306054
15; 22; 1026.389394916102
15; 23; 2322.7203029798256
15; 24; 2245.9182036486927
15; 25; 1557.6191276493894
15; 26; 2145.8512888418622
15; 27; 1618.4720749648254
15; 28; 1373.7985609203345
15; 29; 2131.2566302362266
15; 30; 2054.8290870412957
15; 31; 1536.4931164536476
15; 32; 1355.4919085178963
15; 33; 1265.130996222193
15; 34; 2149.3848109597093
15; 35; 1745.864004835903
15; 36; 1554.6665053330607
15; 37; 1087.4439483544295
15; 38; 1795.4988926986223
15; 39; 1205.6457771126834
15; 40; 1413.3961731821473
15; 41; 1212.9817648866135
15; 42; 1890.8223742838354
15; 43; 1521.5287858869076
15; 44; 1404.5464027175262
15; 45; 1556.1271204269342
15; 46; 1293.4934288362313
15; 47; 1266.3129592522123
15; 48; 1638.0506298348205
15; 49; 1378.982516405144
15; 50; 2200.151030639053
15; 51; 1910.2962666933013
15; 52; 1309.6301222632562
15; 53; 1316.1926382516965
15; 54; 2022.1960755099572
16; 0; 1831.7810276097991
16; 1; 2452.1801148848017
16; 2; 2354.7941163701944
16; 3; 1112.7258130353243
16; 4; 2506.8405119060144
16; 5; 1749.9697624815506
16; 6; 1223.240004035093
16; 7; 1623.7724106644944
16; 8; 2173.600908934616
16; 9; 2248.591492979169
16; 10; 1917.4997168297723
16; 11; 1468.9870364080002
16; 12; 1499.2166482493672
16; 13; 2064.251198723261
16; 14; 1331.7876985324629
16; 15; 1200.5242551037786
16; 16; 0
16; 17; 1472.9128152894762
16; 18; 1941.6827329650096
16; 19; 1337.9219274062086
16; 20; 2224.3071271835215
16; 21; 1933.9821850494973
16; 22; 1106.9039741781125
16; 23; 2480.183121759782
16; 24; 2398.0769558944917
16; 25; 1665.3048627147016
16; 26; 2308.398114782566
16; 27; 1691.1628970325646
16; 28; 1342.258390394147
16; 29; 2407.3666394658317
16; 30; 2248.560915125305
16; 31; 1796.6821937695017
16; 32; 1462.9821885617353
16; 33; 1267.5748234895038
16; 34; 2289.5457877569843
16; 35; 1880.7825281645478
16; 36; 1716.648023058298
16; 37; 1196.7188671766212
16; 38; 1986.5106525581828
16; 39; 1457.1690667451703
16; 40; 1693.35719837994
16; 41; 981.4466432251526
16; 42; 2181.179137611466
16; 43; 1822.0321807036585
16; 44; 1569.2908412998022
16; 45; 1792.2972980680952
16; 46; 1254.3185239756715
16; 47; 1094.0328898321961
16; 48; 1777.809012995448
16; 49; 1672.0859516095197
16; 50; 2485.6920695560075
16; 51; 2120.6130436125413
16; 52; 1579.521769905536
16; 53; 1314.3046165654987
16; 54; 2125.271563220096
17; 0; 1259.7468956980974
17; 1; 2020.4025423990997
17; 2; 1857.2842815303807
17; 3; 1483.9927150888338
17; 4; 2067.077463832199
17; 5; 1201.2785077225694
17; 6; 1155.153522469938
17; 7; 1054.4038056262948
17; 8; 1836.1106943377654
17; 9; 1765.1761810939709
17; 10; 1372.2873600080702
17; 11; 1310.5206285562467
17; 12; 1256.8375571367699
17; 13; 1527.9865796865788
17; 14; 1182.2687240838811
17; 15; 1301.699285799672
17; 16; 1472.9128152894762
17; 17; 0
17; 18; 1409.4651545104327
17; 19; 1232.5052125269895
17; 20; 1791.465265278056
17; 21; 1398.3070358315194
17; 22; 1409.6275107377692
17; 23; 1986.8480705099232
17; 24; 1927.75388059054
17; 25; 1180.7254989369785
17; 26; 1796.5694229171695
17; 27; 1399.2971958849134
17; 28; 1584.9036478563708
17; 29; 1954.388136425548
17; 30; 1868.899017804325
17; 31; 1456.818486032476
17; 32; 1028.109441601564
17; 33; 1586.2302269515844
17; 34; 1868.5990152423358
17; 35; 1507.9403549073309
17; 36; 1240.7720122804672
17; 37; 1438.3537804855894
17; 38; 1635.4817153636131
17; 39; 1204.3169825010334
17; 40; 1291.3778162723838
17; 41; 1486.5191136792523
17; 42; 1675.0388803639871
17; 43; 1257.1180435908914
17; 44; 1391.0905685231155
17; 45; 1234.3513185000934
17; 46; 1358.2179433024194
17; 47; 1601.471963658044
17; 48; 1399.628222343574
17; 49; 1197.2968429604432
17; 50; 1993.1435251855826
17; 51; 1685.3976646410774
17; 52; 1172.0039590677
17; 53; 1386.4144946167687
17; 54; 1658.5304400563123
18; 0; 1242.1926947364461
18; 1; 1559.715454164988
18; 2; 1355.441355467874
18; 3; 1978.4583906564044
18; 4; 1600.352601982551
18; 5; 1236.2325341288079
18; 6; 1623.9882900999046
18; 7; 1386.6156355037274
18; 8; 1433.9146295756486
18; 9; 1275.07880869919
18; 10; 957.3148785301915
18; 11; 1571.3282448907678
18; 12; 1403.0238094348329
18; 13; 1022.5685496344605
18; 14; 1640.185897861109
18; 15; 1773.3564047124682
18; 16; 1941.6827329650096
18; 17; 1409.4651545104327
18; 18; 0
18; 19; 1637.6565570489583
18; 20; 1358.161860698537
18; 21; 975.5348506052412
18; 22; 1895.8487592000047
18; 23; 1483.0692614118461
18; 24; 1439.6677204721088
18; 25; 1192.8579124021608
18; 26; 1288.3341244382796
18; 27; 1306.5326036261788
18; 28; 2093.871746681525
18; 29; 1483.3735082502903
18; 30; 1487.3257309713997
18; 31; 1360.3833293958548
18; 32; 1385.1514845629335
18; 33; 2094.0510565039567
18; 34; 1433.1062137521467
18; 35; 1264.5807042754222
18; 36; 1140.9591555465622
18; 37; 1842.4298041000052
18; 38; 1368.8621247828094
18; 39; 1697.0558339057584
18; 40; 1319.1439523656124
18; 41; 1948.446980429106
18; 42; 1175.0110247988484
18; 43; 1203.7884123575232
18; 44; 1516.2268020727365
18; 45; 1148.9969936041864
18; 46; 1864.9176670544857
18; 47; 2071.104621667312
18; 48; 1239.4264511101405
18; 49; 1299.65542342961
18; 50; 1490.7301696071488
18; 51; 1272.5537857455058
18; 52; 1605.4448530505274
18; 53; 1891.0671438612287
18; 54; 1150.1465133011995
19; 0; 1435.2321051240597
19; 1; 2149.957442716153
19; 2; 1916.8721977951002
19; 3; 1275.839775537061
19; 4; 2075.0770234212814
19; 5; 1332.348976864504
19; 6; 1098.6179762531838
19; 7; 1234.9957685178838
19; 8; 1939.6187135022074
19; 9; 1938.9652191201985
19; 10; 1618.3027180774498
19; 11; 1068.1760176683874
19; 12; 1261.703523692594
19; 13; 1759.910430107207
19; 14; 983.7219684500943
19; 15; 1062.9642762834894
19; 16; 1337.9219274062086
19; 17; 1232.5052125269895
19; 18; 1637.6565570489583
19; 19; 0
19; 20; 1856.0113604290832
19; 21; 1567.5873586752396
19; 22; 1186.933436662173
19; 23; 2170.427876439285
19; 24; 2089.7931012188074
19; 25; 1438.9704476248328
19; 26; 1998.8979755955404
19; 27; 1456.0048164087968
19; 28; 1532.4769895418167
19; 29; 1972.9701013106442
19; 30; 1892.0401201147733
19; 31; 1373.6043124619443
19; 32; 1243.1533082360413
19; 33; 1427.826975625476
19; 34; 1988.2741760726203
19; 35; 1583.3672798884968
19; 36; 1407.630877615275
19; 37; 1114.893968536614
19; 38; 1632.5361954801615
19; 39; 1258.7462052722585
19; 40; 1256.2831711492804
19; 41; 1340.851677284966
19; 42; 1743.7295323346962
19; 43; 1412.9635897314552
19; 44; 1250.0821026247738
19; 45; 1440.830605582797
19; 46; 1425.2670561696627
19; 47; 1400.909929450647
19; 48; 1476.243179131287
19; 49; 1238.0658873073353
19; 50; 2047.915188796704
19; 51; 1751.01597880492
19; 52; 1319.0653507486954
19; 53; 1453.8955545221327
19; 54; 1882.8421360075404
20; 0; 1627.6866571671721
20; 1; 1195.6575631449246
20; 2; 1157.8245763369425
20; 3; 2230.506682514885
20; 4; 1183.0899048731949
20; 5; 1577.604368570433
20; 6; 1945.2064837704454
20; 7; 1719.9332353455798
20; 8; 1056.1522432522615
20; 9; 1095.772083114063
20; 10; 1415.476015666983
20; 11; 1723.682592852889
20; 12; 1625.1328266915598
20; 13; 1318.659763992801
20; 14; 1892.369039817968
20; 15; 2015.9248635036333
20; 16; 2224.3071271835215
20; 17; 1791.465265278056
20; 18; 1358.161860698537
20; 19; 1856.0113604290832
20; 20; 0
20; 21; 1360.5706009601317
20; 22; 2141.9318292246894
20; 23; 1270.5872552704498
20; 24; 1158.4000853559373
20; 25; 1600.684153443844
20; 26; 1217.4466911637228
20; 27; 1434.4623495144717
20; 28; 2394.511003284099
20; 29; 1088.2901203803933
20; 30; 1054.7290192993114
20; 31; 1396.9808086937267
20; 32; 1740.3106089773498
20; 33; 2372.691684160125
20; 34; 1042.4413486500716
20; 35; 1250.9557275661637
20; 36; 1451.300694012238
20; 37; 2017.5266796493138
20; 38; 1177.6808463815173
20; 39; 2031.1127717850552
20; 40; 1503.4733914674334
20; 41; 2220.037415932692
20; 42; 1186.8598363514188
20; 43; 1579.9482586212075
20; 44; 1587.4210625687288
20; 45; 1518.7978875672586
20; 46; 2243.0997530384075
20; 47; 2280.5469535806615
20; 48; 1346.8399089014463
20; 49; 1563.9740881026842
20; 50; 1222.0812662088374
20; 51; 1006.8895822446542
20; 52; 1963.3677443047027
20; 53; 2273.2470844522277
20; 54; 1308.6623057533218
21; 0; 1170.101961938822
21; 1; 1631.0137666396781
21; 2; 1366.6105432595482
21; 3; 1904.9343782374303
21; 4; 1608.2436624906827
21; 5; 1161.0302252012152
21; 6; 1615.1472685928825
21; 7; 1311.2058800289622
21; 8; 1497.055342132332
21; 9; 1348.8865570674184
21; 10; 968.7251531100997
21; 11; 1507.7053516407884
21; 12; 1405.6944904084917
21; 13; 1095.3844002547128
21; 14; 1567.7340038503858
21; 15; 1700.900744306054
21; 16; 1933.9821850494973
21; 17; 1398.3070358315194
21; 18; 975.5348506052412
21; 19; 1567.5873586752396
21; 20; 1360.5706009601317
21; 21; 0
21; 22; 1822.8107600819253
21; 23; 1558.4787431026546
21; 24; 1513.6460488687499
21; 25; 1181.610021072419
21; 26; 1363.8609448175075
21; 27; 1325.094391845752
21; 28; 2018.5315365531542
21; 29; 1491.36316897281
21; 30; 1484.49101384669
21; 31; 1316.9586607334736
21; 32; 1375.5980416077548
21; 33; 2019.2927844987155
21; 34; 1500.8087367852486
21; 35; 1301.9372151895896
21; 36; 1142.66727296346
21; 37; 1774.2366824699916
21; 38; 1348.6289811384877
21; 39; 1621.528773756043
21; 40; 1258.942713374889
21; 41; 1941.3015382302565
21; 42; 1185.589930231971
21; 43; 1129.3555976062705
21; 44; 1461.2216368547035
21; 45; 1073.762929250163
21; 46; 1853.4533615054404
21; 47; 1999.6012803581668
21; 48; 1263.5978762910167
21; 49; 1230.287493184227
21; 50; 1502.032512899837
21; 51; 1270.481963852202
21; 52; 1530.4787030492157
21; 53; 1879.5525470127304
21; 54; 1224.595950595842
22; 0; 1641.339669175496
22; 1; 2436.363745996169
22; 2; 2193.165083349536
22; 3; 988.9166695057044
22; 4; 2361.016474733009
22; 5; 1568.742913830452
22; 6; 1235.9983980406967
22; 7; 1434.7110898188835
22; 8; 2226.5521429443247
22; 9; 2218.4038555836632
22; 10; 1867.570362057504
22; 11; 1341.381732061648
22; 12; 1548.5863656824818
22; 13; 2018.068799335752
22; 14; 1157.089738845325
22; 15; 1026.389394916102
22; 16; 1106.9039741781125
22; 17; 1409.6275107377692
22; 18; 1895.8487592000047
22; 19; 1186.933436662173
22; 20; 2141.9318292246894
22; 21; 1822.8107600819253
22; 22; 0
22; 23; 2448.7308930559043
22; 24; 2372.3006877664484
22; 25; 1676.2658125938997
22; 26; 2270.8670350609787
22; 27; 1742.8915358944748
22; 28; 1270.7964721399712
22; 29; 2257.5672727263327
22; 30; 2178.525077019226
22; 31; 1659.985737938648
22; 32; 1475.5598796039808
22; 33; 1148.9518798200568
22; 34; 2274.9428943051516
22; 35; 1870.2196861960024
22; 36; 1680.2933147604099
22; 37; 1125.630785038601
22; 38; 1918.2606675652137
22; 39; 1250.3079804758875
22; 40; 1539.7116322570814
22; 41; 1124.2713207638062
22; 42; 2015.9987077906112
22; 43; 1636.0474006296583
22; 44; 1517.3551473255907
22; 45; 1673.0303886889947
22; 46; 1253.3041658247128
22; 47; 1160.409100463823
22; 48; 1763.1281765918038
22; 49; 1503.8903825160673
22; 50; 2326.1640567119102
22; 51; 2036.4395600701807
22; 52; 1373.5646657207576
22; 53; 1259.6912336499047
22; 54; 2145.318705585072
23; 0; 1817.3583513521571
23; 1; 1146.557694770107
23; 2; 1157.6213388057265
23; 3; 2535.269270487557
23; 4; 1180.8674176207533
23; 5; 1815.8819781348705
23; 6; 2179.0861323278277
23; 7; 1966.9110892032372
23; 8; 1324.1112531876975
23; 9; 1131.8889007200712
23; 10; 1530.6969798638386
23; 11; 2057.7919671239724
23; 12; 1887.863870235111
23; 13; 1378.5089711780374
23; 14; 2192.356674373148
23; 15; 2322.7203029798256
23; 16; 2480.183121759782
23; 17; 1986.8480705099232
23; 18; 1483.0692614118461
23; 19; 2170.427876439285
23; 20; 1270.5872552704498
23; 21; 1558.4787431026546
23; 22; 2448.7308930559043
23; 23; 0
23; 24; 1020.1234030368842
23; 25; 1772.8935543312145
23; 26; 1100.3414648966636
23; 27; 1710.1542680624316
23; 28; 2671.2362035054402
23; 29; 1162.8116974197817
23; 30; 1369.0945367776878
23; 31; 1743.1511203211521
23; 32; 1951.1106476953528
23; 33; 2663.7227149958453
23; 34; 1208.7509158175124
23; 35; 1542.1143926132136
23; 36; 1668.894007987772
23; 37; 2351.2977778333825
23; 38; 1546.7992340696126
23; 39; 2279.533900153434
23; 40; 1815.1542095404106
23; 41; 2480.744892179544
23; 42; 1339.8402739122762
23; 43; 1785.5200785540608
23; 44; 1938.921279711502
23; 45; 1732.010712509639
23; 46; 2444.7533249948037
23; 47; 2605.4680809728357
23; 48; 1621.4106454278037
23; 49; 1846.8122265019633
23; 50; 1022.5694431597701
23; 51; 1348.5382414796286
23; 52; 2187.595537103104
23; 53; 2471.975585677352
23; 54; 1314.5882800081138
24; 0; 1781.1163222756613
24; 1; 1061.029676339002
24; 2; 1125.935919250422
24; 3; 2459.9468041329887
24; 4; 1093.381617595136
24; 5; 1762.050167318992
24; 6; 2105.6326286844615
24; 7; 1911.762228882798
24; 8; 1204.6794907916105
24; 9; 1064.8268070065064
24; 10; 1492.5319800231414
24; 11; 1967.9433467354538
24; 12; 1800.7350129539861
24; 13; 1352.0504270495765
24; 14; 2117.942164695368
24; 15; 2245.9182036486927
24; 16; 2398.0769558944917
24; 17; 1927.75388059054
24; 18; 1439.6677204721088
24; 19; 2089.7931012188074
24; 20; 1158.4000853559373
24; 21; 1513.6460488687499
24; 22; 2372.3006877664484
24; 23; 1020.1234030368842
24; 24; 0
24; 25; 1719.642588896773
24; 26; 1103.6984924939893
24; 27; 1616.2646740908986
24; 28; 2608.2116647828134
24; 29; 1042.785919342285
24; 30; 1248.9915968729995
24; 31; 1646.3281407926993
24; 32; 1885.5104406140608
24; 33; 2594.6097671820326
24; 34; 1088.7456800283246
24; 35; 1440.208938925878
24; 36; 1597.8544473706743
24; 37; 2262.3635591454995
24; 38; 1436.0640665890426
24; 39; 2226.2047788208633
24; 40; 1733.5553142805409
24; 41; 2396.4686832634347
24; 42; 1293.0595176824065
24; 43; 1742.995461550539
24; 44; 1840.2558764810906
24; 45; 1686.3373909741117
24; 46; 2385.5359121374554
24; 47; 2521.245882601395
24; 48; 1527.5765020116864
24; 49; 1776.7991957491872
24; 50; 1056.0378683039235
24; 51; 1247.7099589212798
24; 52; 2142.9160299899613
24; 53; 2414.146686258032
24; 54; 1299.320438045172
25; 0; 1123.5834304362588
25; 1; 1823.1816455623289
25; 2; 1643.7373582445205
25; 3; 1756.1408153230363
25; 4; 1867.4173829319475
25; 5; 1007.5983404634987
25; 6; 1342.7453557159645
25; 7; 1158.1297680050716
25; 8; 1593.537566166507
25; 9; 1555.473430390919
25; 10; 1156.7339735510584
25; 11; 1420.827782110845
25; 12; 1217.3295132372452
25; 13; 1311.4875296973264
25; 14; 1425.5377899978268
25; 15; 1557.6191276493894
25; 16; 1665.3048627147016
25; 17; 1180.7254989369785
25; 18; 1192.8579124021608
25; 19; 1438.9704476248328
25; 20; 1600.684153443844
25; 21; 1181.610021072419
25; 22; 1676.2658125938997
25; 23; 1772.8935543312145
25; 24; 1719.642588896773
25; 25; 0
25; 26; 1580.6333787280641
25; 27; 1245.0288193648541
25; 28; 1865.0383432508643
25; 29; 1752.2594888723333
25; 30; 1698.9437968196821
25; 31; 1370.3276027982197
25; 32; 1102.3307457294025
25; 33; 1866.2941269967357
25; 34; 1679.1163567927015
25; 35; 1371.5972643342552
25; 36; 1088.442497266592
25; 37; 1652.6440208317924
25; 38; 1499.1982408042861
25; 39; 1471.2589231339957
25; 40; 1228.578566935536
25; 41; 1739.0948780363624
25; 42; 1461.3258521782855
25; 43; 1075.8248853803293
25; 44; 1427.151001606382
25; 45; 1030.4281266235814
25; 46; 1572.4993792332725
25; 47; 1859.337714748212
25; 48; 1282.24440401394
25; 49; 1135.255631415955
25; 50; 1779.655584378081
25; 51; 1498.2865888041308
25; 52; 1391.2109606011811
25; 53; 1663.2052862338169
25; 54; 1377.8398837797558
26; 0; 1618.3051721399543
26; 1; 1262.394971138812
26; 2; 1025.2123839270591
26; 3; 2355.941235226737
26; 4; 1295.3850086451357
26; 5; 1623.8727110264877
26; 6; 1999.436579537125
26; 7; 1774.6807367343667
26; 8; 1303.3158195897215
26; 9; 1021.815086406484
26; 10; 1333.222060920132
26; 11; 1900.2608721213578
26; 12; 1727.9928948963588
26; 13; 1179.0470493885805
26; 14; 2013.7777378518801
26; 15; 2145.8512888418622
26; 16; 2308.398114782566
26; 17; 1796.5694229171695
26; 18; 1288.3341244382796
26; 19; 1998.8979755955404
26; 20; 1217.4466911637228
26; 21; 1363.8609448175075
26; 22; 2270.8670350609787
26; 23; 1100.3414648966636
26; 24; 1103.6984924939893
26; 25; 1580.6333787280641
26; 26; 0
26; 27; 1565.7474312410745
26; 28; 2481.4399345427364
26; 29; 1200.828453907234
26; 30; 1363.594393988508
26; 31; 1604.5903443597185
26; 32; 1765.9906539450894
26; 33; 2478.442827272177
26; 34; 1225.5915792398227
26; 35; 1420.8261573578902
26; 36; 1491.87310417913
26; 37; 2189.6666720033777
26; 38; 1453.8511701805442
26; 39; 2085.2008157059463
26; 40; 1649.1718834606572
26; 41; 2311.5259725630567
26; 42; 1155.2259335831202
26; 43; 1588.3927777928825
26; 44; 1798.9929776582212
26; 45; 1536.2361698808068
26; 46; 2253.0805998038186
26; 47; 2435.7823512270647
26; 48; 1478.7453183271787
26; 49; 1666.9852620308327
26; 50; 1113.9716836874193
26; 51; 1244.9798629205234
26; 52; 1990.0138799538745
26; 53; 2279.388486679689
26; 54; 1114.269298465469
27; 0; 1462.3529048403143
27; 1; 1661.025071452221
27; 2; 1596.9814044169705
27; 3; 1831.807776689554
27; 4; 1716.1220183245691
27; 5; 1341.9421354191575
27; 6; 1429.5183684706956
27; 7; 1424.519856695692
27; 8; 1383.8458658209124
27; 9; 1480.595904492
27; 10; 1328.6120484135397
27; 11; 1317.2340566214943
27; 12; 1094.3065505567483
27; 13; 1401.0588013649156
27; 14; 1503.3655063958017
27; 15; 1618.4720749648254
27; 16; 1691.1628970325646
27; 17; 1399.2971958849134
27; 18; 1306.5326036261788
27; 19; 1456.0048164087968
27; 20; 1434.4623495144717
27; 21; 1325.094391845752
27; 22; 1742.8915358944748
27; 23; 1710.1542680624316
27; 24; 1616.2646740908986
27; 25; 1245.0288193648541
27; 26; 1565.7474312410745
27; 27; 0
27; 28; 2013.7395398726599
27; 29; 1620.0302584253952
27; 30; 1464.7672739266875
27; 31; 1025.302835177747
27; 32; 1271.608786634661
27; 33; 1981.4711227627986
27; 34; 1498.4046436671692
27; 35; 1091.3920555379236
27; 36; 1124.80023765887
27; 37; 1611.325967649953
27; 38; 1209.4343034134222
27; 39; 1695.0734385502453
27; 40; 1136.0847654944955
27; 41; 1749.8483842129522
27; 42; 1450.6697722858796
27; 43; 1406.117631975521
27; 44; 1197.3081681694052
27; 45; 1344.6321163158223
27; 46; 1749.9059708767047
27; 47; 1874.2535299153324
27; 48; 988.7995792587395
27; 49; 1241.1529651773785
27; 50; 1717.0610318698484
27; 51; 1333.456535388023
27; 52; 1666.8078019654922
27; 53; 1845.1126801094006
27; 54; 1431.112550258174
28; 0; 1853.158837834305
28; 1; 2690.065131886664
28; 2; 2477.6160057988345
28; 3; 1199.346652867659
28; 4; 2675.3765578548005
28; 5; 1821.7144902016666
